0 5 8 0 0
1 5 8 8 0
2 5 8 16 0
3 5 8 24 0
4 5 8 32 0
5 5 8 40 0
6 5 8 48 0
7 5 8 56 0
8 5 8 64 0
9 5 8 72 0
10 5 8 80 0
11 5 8 88 0
12 5 8 96 0
13 5 8 104 0
14 5 8 112 0
15 5 8 120 0
16 5 8 0 8
17 5 8 8 8
18 5 8 16 8
19 5 8 24 8
20 5 8 32 8
21 5 8 40 8
22 5 8 48 8
23 5 8 56 8
24 5 8 64 8
25 5 8 72 8
26 5 8 80 8
27 5 8 88 8
28 5 8 96 8
29 5 8 104 8
30 5 8 112 8
31 5 8 120 8
32 4 8 0 16
33 1 8 8 16
34 5 8 16 16
35 5 8 24 16
36 5 8 32 16
37 5 8 40 16
38 5 8 48 16
39 2 8 56 16
40 5 8 64 16
41 5 8 72 16
42 5 8 80 16
43 5 8 88 16
44 2 8 96 16
45 5 8 104 16
46 2 8 112 16
47 5 8 120 16
48 5 8 0 24
49 5 8 8 24
50 5 8 16 24
51 5 8 24 24
52 5 8 32 24
53 5 8 40 24
54 5 8 48 24
55 5 8 56 24
56 5 8 64 24
57 5 8 72 24
58 2 8 80 24
59 2 8 88 24
60 5 8 96 24
61 5 8 104 24
62 5 8 112 24
63 5 8 120 24
64 6 8 0 32
65 5 8 8 32
66 5 8 16 32
67 5 8 24 32
68 5 8 32 32
69 5 8 40 32
70 5 8 48 32
71 5 8 56 32
72 5 8 64 32
73 4 8 72 32
74 5 8 80 32
75 5 8 88 32
76 5 8 96 32
77 5 8 104 32
78 5 8 112 32
79 5 8 120 32
80 5 8 0 40
81 5 8 8 40
82 5 8 16 40
83 5 8 24 40
84 5 8 32 40
85 5 8 40 40
86 5 8 48 40
87 5 8 56 40
88 5 8 64 40
89 5 8 72 40
90 5 8 80 40
91 3 8 88 40
92 5 8 96 40
93 3 8 104 40
94 5 8 112 40
95 5 8 120 40
96 2 8 0 48
97 5 8 8 48
98 5 8 16 48
99 5 8 24 48
100 5 8 32 48
101 5 8 40 48
102 5 8 48 48
103 5 8 56 48
104 5 8 64 48
105 1 8 72 48
106 5 8 80 48
107 5 8 88 48
108 2 8 96 48
109 5 8 104 48
110 5 8 112 48
111 5 8 120 48
112 5 8 0 56
113 5 8 8 56
114 5 8 16 56
115 5 8 24 56
116 4 8 32 56
117 5 8 40 56
118 5 8 48 56
119 5 8 56 56
120 5 8 64 56
121 5 8 72 56
122 5 8 80 56
123 4 8 88 56
124 1 8 96 56
125 4 8 104 56
126 5 8 112 56
127 5 8 120 56
128 5 8 0 64
129 5 8 8 64
130 5 8 16 64
131 5 8 24 64
132 5 8 32 64
133 5 8 40 64
134 5 8 48 64
135 5 8 56 64
136 5 8 64 64
137 5 8 72 64
138 5 8 80 64
139 5 8 88 64
140 5 8 96 64
141 5 8 104 64
142 5 8 112 64
143 5 8 120 64
144 5 8 0 72
145 5 8 8 72
146 5 8 16 72
147 5 8 24 72
148 5 8 32 72
149 5 8 40 72
150 5 8 48 72
151 5 8 56 72
152 5 8 64 72
153 5 8 72 72
154 5 8 80 72
155 5 8 88 72
156 5 8 96 72
157 5 8 104 72
158 5 8 112 72
159 5 8 120 72
160 5 8 0 80
161 5 8 8 80
162 5 8 16 80
163 5 8 24 80
164 5 8 32 80
165 5 8 40 80
166 5 8 48 80
167 5 8 56 80
168 5 8 64 80
169 5 8 72 80
170 5 8 80 80
171 5 8 88 80
172 5 8 96 80
173 5 8 104 80
174 5 8 112 80
175 5 8 120 80
176 5 8 0 88
177 8 8 8 88
178 8 8 16 88
179 8 8 24 88
180 8 8 32 88
181 8 8 40 88
182 8 8 48 88
183 8 8 56 88
184 8 8 64 88
185 8 8 72 88
186 8 8 80 88
187 8 8 88 88
188 8 8 96 88
189 8 8 104 88
190 8 8 112 88
191 8 8 120 88
192 8 8 0 96
193 8 8 8 96
194 8 8 16 96
195 8 8 24 96
196 8 8 32 96
197 8 8 40 96
198 8 8 48 96
199 8 8 56 96
200 8 8 64 96
201 8 8 72 96
202 8 8 80 96
203 8 8 88 96
204 8 8 96 96
205 8 8 104 96
206 8 8 112 96
207 8 8 120 96
208 8 8 0 104
209 8 8 8 104
210 8 8 16 104
211 8 8 24 104
212 8 8 32 104
213 8 8 40 104
214 8 8 48 104
215 8 8 56 104
216 8 8 64 104
217 8 8 72 104
218 8 8 80 104
219 8 8 88 104
220 8 8 96 104
221 8 8 104 104
222 8 8 112 104
223 8 8 120 104
224 8 8 0 112
225 8 8 8 112
226 8 8 16 112
227 8 8 24 112
228 8 8 32 112
229 8 8 40 112
230 8 8 48 112
231 8 8 56 112
232 8 8 64 112
233 8 8 72 112
234 8 8 80 112
235 8 8 88 112
236 8 8 96 112
237 8 8 104 112
238 8 8 112 112
239 8 8 120 112
240 8 8 0 120
241 8 8 8 120
242 8 8 16 120
243 8 8 24 120
244 8 8 32 120
245 8 8 40 120
246 8 8 48 120
247 8 8 56 120
248 8 8 64 120
249 8 8 72 120
250 8 8 80 120
251 8 8 88 120
252 8 8 96 120
253 8 8 104 120
254 8 8 112 120
255 8 8 120 120
